,RevenueFromContractWithCustomerExcludingAssessedTax,CostOfRevenue,OperationsAndSupportExpense,ResearchAndDevelopmentExpense,SellingAndMarketingExpense,GeneralAndAdministrativeExpense,RestructuringCharges,CostsAndExpenses,OperatingIncomeLoss,InvestmentIncomeNonoperating,InterestIncomeExpenseNonoperatingNet,OtherNonoperatingIncomeExpense,IncomeLossFromContinuingOperationsBeforeIncomeTaxesExtraordinaryItemsNoncontrollingInterest,IncomeTaxExpenseBenefit,NetIncomeLoss,IncomeLossFromContinuingOperationsPerBasicShare,IncomeLossFromContinuingOperationsPerDilutedShare,WeightedAverageNumberOfSharesOutstandingBasic,WeightedAverageNumberOfDilutedSharesOutstanding
2020-01-01-2020-03-31,841830000,277772000,221787000,258819000,317179000,91762000,0,1167319000,-325489000,13649000,1510000,-46760000,-357090000,-16485000,-340605000,-1.30,-1.30,262509000,262509000
2020-04-01-2020-06-30,334774000,161198000,160476000,217938000,114837000,149299000,114241000,917989000,-583215000,5856000,-49191000,-12848000,-639398000,-63810000,-575588000,-2.18,-2.18,263517000,263517000
2020-07-01-2020-09-30,1342331000,227325000,166106000,213920000,113494000,180021000,22728000,923594000,418737000,4325000,-59867000,-56143000,307052000,87724000,219328000,0,0,265137000,299206000
2020-09-30-2020-12-31,859264000,209747000,329532000,2062195000,629815000,713769000,14386000,3959444000,-3100180000,3287000,-64140000,-831469000,-3992502000,-104651000,-3887851000,nan,nan,284363000,284363000
2021-01-01-2021-03-31,886936000,254515000,185436000,363061000,229125000,189762000,111982000,1333881000,-446945000,3052000,-421911000,-300098000,-1165902000,6309000,-1172211000,-1.95,-1.95,600960000,600960000
2021-04-01-2021-06-30,1335196000,294427000,208125000,349734000,315323000,218303000,562000,1386474000,-51278000,2942000,-6520000,-2128000,-56984000,11233000,-68217000,-0.11,-0.11,611739000,611739000
2021-07-01-2021-09-30,2237432000,311580000,228330000,344410000,290856000,210748000,-465000,1385459000,851973000,2962000,-6649000,2172000,850458000,16565000,833893000,1.34,1.22,621012000,681916000
2021-09-30-2021-12-31,1532196000,295311000,225166000,367843000,351028000,216511000,770000,1456629000,75567000,3778000,-2519000,-4605000,72221000,17720000,54501000,nan,nan,615891000,615891000
2022-01-01-2022-03-31,1508937000,362623000,233012000,362927000,344616000,210573000,317000,1514068000,-5131000,4744000,-5764000,-1935000,-8086000,10706000,-18792000,-0.03,-0.03,635314000,635314000
