,index,RevenueFromContractWithCustomerExcludingAssessedTax,CostOfRevenue,OperationsAndSupportExpense,ResearchAndDevelopmentExpense,SellingAndMarketingExpense,GeneralAndAdministrativeExpense,RestructuringCharges,CostsAndExpenses,OperatingIncomeLoss,InvestmentIncomeNonoperating,InterestIncomeExpenseNonoperatingNet,OtherNonoperatingIncomeExpense,IncomeLossFromContinuingOperationsBeforeIncomeTaxesExtraordinaryItemsNoncontrollingInterest,IncomeTaxExpenseBenefit,NetIncomeLoss,IncomeLossFromContinuingOperationsPerBasicShare,IncomeLossFromContinuingOperationsPerDilutedShare,WeightedAverageNumberOfSharesOutstandingBasic,WeightedAverageNumberOfDilutedSharesOutstanding,Ticker
0,2019-01-01-2019-12-31,4805239000,1196313000,815074000,976695000,1621519000,697181000,0,5306782000,-501543000,85902000,-9968000,13906000,-411703000,262636000,-674339000,,,260556000,260556000,ABNB
1,2020-01-01-2020-03-31,841830000,277772000,221787000,258819000,317179000,91762000,0,1167319000,-325489000,13649000,1510000,-46760000,-357090000,-16485000,-340605000,-1.30,-1.30,262509000,262509000,ABNB
2,2020-01-01-2020-06-30,1176604000,438970000,382263000,476757000,432016000,241061000,114241000,2085308000,-908704000,19505000,-47681000,-59608000,-996488000,-80295000,-916193000,-3.48,-3.48,263013000,263013000,ABNB
3,2020-01-01-2020-09-30,2518935000,666295000,548369000,690677000,545510000,421082000,136969000,3008902000,-489967000,23830000,-107548000,-115751000,-689436000,7429000,-696865000,-2.64,-2.64,263726000,263726000,ABNB
4,2020-01-01-2020-12-31,3378199000,876042000,877901000,2752872000,1175325000,1134851000,151355000,6968346000,-3590147000,27117000,-171688000,-947220000,-4681938000,-97222000,-4584716000,,,284363000,284363000,ABNB
5,2020-04-01-2020-06-30,334774000,161198000,160476000,217938000,114837000,149299000,114241000,917989000,-583215000,5856000,-49191000,-12848000,-639398000,-63810000,-575588000,-2.18,-2.18,263517000,263517000,ABNB
6,2020-07-01-2020-09-30,1342331000,227325000,166106000,213920000,113494000,180021000,22728000,923594000,418737000,4325000,-59867000,-56143000,307052000,87724000,219328000,0,0,265137000,299206000,ABNB
7,2021-01-01-2021-03-31,886936000,254515000,185436000,363061000,229125000,189762000,111982000,1333881000,-446945000,3052000,-421911000,-300098000,-1165902000,6309000,-1172211000,-1.95,-1.95,600960000,600960000,ABNB
8,2021-01-01-2021-06-30,2222132000,548942000,393561000,712795000,544448000,408065000,112544000,2720355000,-498223000,5994000,-428431000,-302226000,-1222886000,17542000,-1240428000,-2.05,-2.05,606380000,606380000,ABNB
9,2021-01-01-2021-09-30,4459564000,860522000,621891000,1057205000,835304000,618813000,112079000,4105814000,353750000,8956000,-435080000,-300054000,-372428000,34107000,-406535000,-0.67,-0.67,611311000,611311000,ABNB
10,2021-01-01-2021-12-31,5991760000,1155833000,847057000,1425048000,1186332000,835324000,112849000,5562443000,429317000,12734000,-437599000,-304659000,-300207000,51827000,-352034000,,,615891000,615891000,ABNB
11,2021-04-01-2021-06-30,1335196000,294427000,208125000,349734000,315323000,218303000,562000,1386474000,-51278000,2942000,-6520000,-2128000,-56984000,11233000,-68217000,-0.11,-0.11,611739000,611739000,ABNB
12,2021-07-01-2021-09-30,2237432000,311580000,228330000,344410000,290856000,210748000,-465000,1385459000,851973000,2962000,-6649000,2172000,850458000,16565000,833893000,1.34,1.22,621012000,681916000,ABNB
13,2022-01-01-2022-03-31,1508937000,362623000,233012000,362927000,344616000,210573000,317000,1514068000,-5131000,4744000,-5764000,-1935000,-8086000,10706000,-18792000,-0.03,-0.03,635314000,635314000,ABNB
