,Revenues,CostOfGoodsAndServiceExcludingDepreciationDepletionAndAmortization,OperationsAndSupportExpense,SellingAndMarketingExpense,ResearchAndDevelopmentExpense,GeneralAndAdministrativeExpense,DepreciationDepletionAndAmortization,CostsAndExpenses,OperatingIncomeLoss,InterestExpense,NonoperatingIncomeExpense,IncomeLossFromContinuingOperationsBeforeIncomeTaxesMinorityInterestAndIncomeLossFromEquityMethodInvestments,IncomeTaxExpenseBenefit,IncomeLossFromEquityMethodInvestments,ProfitLoss,,NetIncomeLoss,EarningsPerShareBasic,EarningsPerShareDiluted,WeightedAverageNumberOfSharesOutstandingBasic,WeightedAverageNumberOfDilutedSharesOutstanding,NetIncomeLossAttributableToRedeemableNoncontrollingInterest
2018-04-01-2018-06-30,2768000000,1342000000,349000000,715000000,365000000,638000000,98000000,3507000000,-739000000,160000000,63000000,-836000000,28000000,-14000000,-878000000,,-878000000,-1.99,-2.01,440958000,441408000,0
2018-07-01-2018-09-30,2944000000,1510000000,387000000,785000000,434000000,460000000,131000000,3707000000,-763000000,161000000,-54000000,-978000000,1000000,-15000000,-994000000,-8000000,-986000000,-2.21,-2.21,445783000,445783000,
2018-09-30-2018-12-31,2974000000,1615000000,408000000,974000000,366000000,555000000,109000000,4027000000,-1053000000,195000000,47000000,-1201000000,-322000000,-10000000,-889000000,-2000000,-887000000,-2.0,-1.85,443368000,478999000,nan
2019-01-01-2019-03-31,3099000000,1681000000,434000000,1040000000,409000000,423000000,146000000,4133000000,-1034000000,217000000,260000000,-991000000,19000000,-6000000,-1016000000,-4000000,-1012000000,-2.23,-2.26,453543000,453619000,
2019-04-01-2019-06-30,3166000000,1740000000,864000000,1222000000,3064000000,1638000000,123000000,8651000000,-5485000000,151000000,398000000,-5238000000,-2000000,-10000000,-5246000000,,-5236000000,-4.72,-4.72,1110704000,1110704000,-10000000
2019-07-01-2019-09-30,3813000000,1860000000,498000000,1113000000,755000000,591000000,102000000,4919000000,-1106000000,90000000,49000000,-1147000000,3000000,-9000000,-1159000000,3000000,-1162000000,-0.68,-0.68,1700213000,1700213000,
2019-09-30-2019-12-31,4069000000,1927000000,506000000,1251000000,608000000,647000000,101000000,5040000000,-971000000,101000000,15000000,-1057000000,25000000,-9000000,-1091000000,5000000,-1096000000,-0.88,-0.88,1248353000,1248353000,nan
2020-01-01-2020-03-31,3543000000,1786000000,503000000,885000000,645000000,859000000,128000000,4806000000,-1263000000,118000000,-1795000000,-3176000000,-242000000,-12000000,-2946000000,-10000000,-2936000000,-1.70,-1.70,1724367000,1724367000,
2020-04-01-2020-06-30,2241000000,1252000000,582000000,736000000,584000000,565000000,129000000,3848000000,-1607000000,110000000,-44000000,-1761000000,4000000,-7000000,-1772000000,3000000,-1775000000,-1.02,-1.02,1738897000,1738897000,
2020-07-01-2020-09-30,3129000000,1614000000,365000000,924000000,493000000,711000000,138000000,4245000000,-1116000000,112000000,151000000,-1077000000,23000000,-8000000,-1108000000,-19000000,-1089000000,-0.62,-0.62,1755029000,1755029000,
2020-09-30-2020-12-31,2226000000,502000000,369000000,1038000000,483000000,531000000,180000000,3103000000,-877000000,118000000,63000000,-932000000,23000000,-7000000,-962000000,7000000,-969000000,-0.55,-0.55,1752960000,1752960000,nan
2021-01-01-2021-03-31,2903000000,1710000000,423000000,1103000000,515000000,464000000,212000000,4427000000,-1524000000,115000000,1710000000,71000000,185000000,-8000000,-122000000,-14000000,-108000000,-0.06,-0.06,1858525000,1858525000,
2021-04-01-2021-06-30,3929000000,2099000000,432000000,1256000000,488000000,616000000,226000000,5117000000,-1188000000,115000000,1943000000,640000000,-479000000,-7000000,1112000000,-32000000,1144000000,0.61,0.58,1875156000,1955975000,
2021-07-01-2021-09-30,4845000000,2438000000,475000000,1168000000,493000000,625000000,218000000,5417000000,-572000000,123000000,-1832000000,-2527000000,-101000000,-13000000,-2439000000,-15000000,-2424000000,-1.28,-1.28,1898954000,1898954000,
2021-09-30-2021-12-31,5778000000,3104000000,547000000,1262000000,558000000,611000000,246000000,6328000000,-550000000,130000000,1471000000,791000000,-97000000,-9000000,879000000,-13000000,892000000,0.47,0.47,1892546000,1895519000,nan
2022-01-01-2022-03-31,6854000000,4026000000,574000000,1263000000,587000000,632000000,254000000,7336000000,-482000000,129000000,-5557000000,-6168000000,-232000000,18000000,-5918000000,12000000,-5930000000,-3.03,-3.04,1953989000,1957731000,
