,index,Revenues,CostOfGoodsAndServiceExcludingDepreciationDepletionAndAmortization,OperationsAndSupportExpense,SellingAndMarketingExpense,ResearchAndDevelopmentExpense,GeneralAndAdministrativeExpense,DepreciationDepletionAndAmortization,CostsAndExpenses,OperatingIncomeLoss,InterestExpense,NonoperatingIncomeExpense,IncomeLossFromContinuingOperationsBeforeIncomeTaxesMinorityInterestAndIncomeLossFromEquityMethodInvestments,IncomeTaxExpenseBenefit,IncomeLossFromEquityMethodInvestments,ProfitLoss,,,NetIncomeLoss,EarningsPerShareBasic,EarningsPerShareDiluted,WeightedAverageNumberOfSharesOutstandingBasic,WeightedAverageNumberOfDilutedSharesOutstanding,NetIncomeLossAttributableToNoncontrollingInterest,Ticker
0,2017-01-01-2017-12-31,7932000000,4160000000,1354000000,2524000000,1201000000,2263000000,510000000,12012000000,-4080000000,479000000,-16000000,-4575000000,-542000000,0,-4033000000,,,-4033000000,-9.46,-9.46,426360000,426360000,0,UBER
1,2018-01-01-2018-03-31,2584000000,1156000000,372000000,677000000,340000000,429000000,88000000,3062000000,-478000000,132000000,4937000000,4327000000,576000000,-3000000,3748000000,,0,3748000000,2.00,1.84,437065000,475153000,,UBER
2,2018-01-01-2018-06-30,5352000000,2498000000,721000000,1392000000,705000000,1067000000,186000000,6569000000,-1217000000,292000000,5000000000,3491000000,604000000,-17000000,2870000000,,0,2870000000,1.33,1.20,439022000,476394000,,UBER
3,2018-01-01-2018-09-30,8296000000,4008000000,1108000000,2177000000,1139000000,1527000000,317000000,10276000000,-1980000000,453000000,4946000000,2513000000,605000000,-32000000,1876000000,-8000000,,1884000000,0.59,0.52,441301000,477592000,,UBER
4,2018-01-01-2018-12-31,11270000000,5623000000,1516000000,3151000000,1505000000,2082000000,426000000,14303000000,-3033000000,648000000,4993000000,1312000000,283000000,-42000000,987000000,,,997000000,0,0,443368000,478999000,-10000000,UBER
5,2018-04-01-2018-06-30,2768000000,1342000000,349000000,715000000,365000000,638000000,98000000,3507000000,-739000000,160000000,63000000,-836000000,28000000,-14000000,-878000000,,0,-878000000,-1.99,-2.01,440958000,441408000,,UBER
6,2018-07-01-2018-09-30,2944000000,1510000000,387000000,785000000,434000000,460000000,131000000,3707000000,-763000000,161000000,-54000000,-978000000,1000000,-15000000,-994000000,-8000000,,-986000000,-2.21,-2.21,445783000,445783000,,UBER
7,2019-01-01-2019-03-31,3099000000,1681000000,434000000,1040000000,409000000,423000000,146000000,4133000000,-1034000000,217000000,260000000,-991000000,19000000,-6000000,-1016000000,,-4000000,-1012000000,-2.23,-2.26,453543000,453619000,,UBER
8,2019-01-01-2019-06-30,6265000000,3421000000,1298000000,2262000000,3473000000,2061000000,269000000,12784000000,-6519000000,368000000,658000000,-6229000000,17000000,-16000000,-6262000000,,-14000000,-6248000000,-7.97,-7.98,783900000,783982000,,UBER
9,2019-01-01-2019-09-30,10078000000,5281000000,1796000000,3375000000,4228000000,2652000000,371000000,17703000000,-7625000000,458000000,707000000,-7376000000,20000000,-25000000,-7421000000,-11000000,,-7410000000,-6.79,-6.79,1092241000,1092241000,,UBER
10,2019-01-01-2019-12-31,14147000000,7208000000,2302000000,4626000000,4836000000,3299000000,472000000,22743000000,-8596000000,559000000,722000000,-8433000000,45000000,-34000000,-8512000000,,,-8506000000,-6.81,-6.81,1248353000,1248353000,-6000000,UBER
11,2019-04-01-2019-06-30,3166000000,1740000000,864000000,1222000000,3064000000,1638000000,123000000,8651000000,-5485000000,151000000,398000000,-5238000000,-2000000,-10000000,-5246000000,,-10000000,-5236000000,-4.72,-4.72,1110704000,1110704000,,UBER
12,2019-07-01-2019-09-30,3813000000,1860000000,498000000,1113000000,755000000,591000000,102000000,4919000000,-1106000000,90000000,49000000,-1147000000,3000000,-9000000,-1159000000,3000000,,-1162000000,-0.68,-0.68,1700213000,1700213000,,UBER
13,2020-01-01-2020-03-31,3543000000,1786000000,503000000,885000000,645000000,859000000,128000000,4806000000,-1263000000,118000000,-1795000000,-3176000000,-242000000,-12000000,-2946000000,-10000000,,-2936000000,-1.70,-1.70,1724367000,1724367000,,UBER
14,2020-01-01-2020-06-30,5784000000,3038000000,1085000000,1621000000,1229000000,1424000000,257000000,8654000000,-2870000000,228000000,-1839000000,-4937000000,-238000000,-19000000,-4718000000,-7000000,,-4711000000,-2.72,-2.72,1731632000,1731632000,,UBER
15,2020-01-01-2020-09-30,8913000000,4652000000,1450000000,2545000000,1722000000,2135000000,395000000,12899000000,-3986000000,340000000,-1688000000,-6014000000,-215000000,-27000000,-5826000000,-27000000,,-5799000000,-3.33,-3.33,1739488000,1739488000,,UBER
16,2020-01-01-2020-12-31,11139000000,5154000000,1819000000,3583000000,2205000000,2666000000,575000000,16002000000,-4863000000,458000000,-1625000000,-6946000000,-192000000,-34000000,-6788000000,,,-6768000000,-3.86,-3.86,1752960000,1752960000,-20000000,UBER
17,2020-04-01-2020-06-30,2241000000,1252000000,582000000,736000000,584000000,565000000,129000000,3848000000,-1607000000,110000000,-44000000,-1761000000,4000000,-7000000,-1772000000,3000000,,-1775000000,-1.02,-1.02,1738897000,1738897000,,UBER
18,2020-07-01-2020-09-30,3129000000,1614000000,365000000,924000000,493000000,711000000,138000000,4245000000,-1116000000,112000000,151000000,-1077000000,23000000,-8000000,-1108000000,-19000000,,-1089000000,-0.62,-0.62,1755029000,1755029000,,UBER
19,2021-01-01-2021-03-31,2903000000,1710000000,423000000,1103000000,515000000,464000000,212000000,4427000000,-1524000000,115000000,1710000000,71000000,185000000,-8000000,-122000000,-14000000,,-108000000,-0.06,-0.06,1858525000,1858525000,,UBER
20,2021-01-01-2021-06-30,6832000000,3809000000,855000000,2359000000,1003000000,1080000000,438000000,9544000000,-2712000000,230000000,3653000000,711000000,-294000000,-15000000,990000000,-46000000,,1036000000,0.56,0.52,1866830000,1949750000,,UBER
21,2021-01-01-2021-09-30,11677000000,6247000000,1330000000,3527000000,1496000000,1705000000,656000000,14961000000,-3284000000,353000000,1821000000,-1816000000,-395000000,-28000000,-1449000000,-61000000,,-1388000000,-0.74,-0.75,1877655000,1878997000,,UBER
22,2021-01-01-2021-12-31,17455000000,9351000000,1877000000,4789000000,2054000000,2316000000,902000000,21289000000,-3834000000,483000000,3292000000,-1025000000,-492000000,-37000000,-570000000,,,-496000000,-0.26,-0.29,1892546000,1895519000,-74000000,UBER
23,2021-04-01-2021-06-30,3929000000,2099000000,432000000,1256000000,488000000,616000000,226000000,5117000000,-1188000000,115000000,1943000000,640000000,-479000000,-7000000,1112000000,-32000000,,1144000000,0.61,0.58,1875156000,1955975000,,UBER
24,2021-07-01-2021-09-30,4845000000,2438000000,475000000,1168000000,493000000,625000000,218000000,5417000000,-572000000,123000000,-1832000000,-2527000000,-101000000,-13000000,-2439000000,-15000000,,-2424000000,-1.28,-1.28,1898954000,1898954000,,UBER
25,2022-01-01-2022-03-31,6854000000,4026000000,574000000,1263000000,587000000,632000000,254000000,7336000000,-482000000,129000000,-5557000000,-6168000000,-232000000,18000000,-5918000000,12000000,,-5930000000,-3.03,-3.04,1953989000,1957731000,,UBER
